avl
4.0,6425.0,3020.6,6011.8
8.0,65221.4,36833.5,68150.8
12.0,591532.5,430929.0,672324.1
16.0,8689012.3,6753786.8,10714264.0
20.0,123020247.5,100836171.3,144719182.4
24.0,2028804689.3,1633437379.2,2390762774.1
rb
4.0,5530.3,3060.4,5287.2
8.0,52555.7,35033.5,43335.9
12.0,449067.9,438179.1,461402.8
17.0,5786681.9,6577536.5,7297469.2
20.0,91692274.2,98890337.7,106197435.8
25.0,1458295379.1,1513459330.9,1775326691.5
bst
5.0,8181.9,3840.8,5188.1
14.0,63937.9,39825.6,40322.3
23.0,521937.7,535539.7,478752.3
33.0,7049003.8,8288024.1,7403387.5
40.0,99927995.2,118951319.6,113108534.4
53.0,1676546486.6,1908969193.1,1837227308.7
treap
5.5,8252.7,4329.5,6798.8
12.4,71517.9,42343.3,47142.8
21.3,573782.8,536379.9,658874.1
31.5,8187813.0,9098988.5,13278275.7
39.5,120004980.5,140261715.4,273551307.9
49.0,1978023232.1,2251414000.0,5830473533.7
