key set: 10
bst	5,18753,9282,12489
rb	4,14578,7913,13231
avl	4,15612,7332,14985
treap	5,15877,7632,11922
key set: 10
bst	5,7809,4052,4701
rb	4,5149,2935,5132
avl	4,5911,2910,5914
treap	4,6129,3188,4301
key set: 10
bst	5,6965,3389,4553
rb	4,5021,2357,5485
avl	4,5668,2767,5351
treap	5,5562,2795,4296
key set: 10
bst	5,6153,3071,4195
rb	4,4075,2336,4105
avl	4,4841,2407,4650
treap	4,5606,2534,3885
key set: 10
bst	5,6220,3015,4023
rb	4,3962,2326,3950
avl	4,4729,2329,4541
treap	7,5068,2943,4003
key set: 10
bst	5,6456,3000,4197
rb	4,4265,2346,4044
avl	4,4866,2263,4985
treap	7,5452,3281,4383
key set: 10
bst	5,6332,3047,4180
rb	4,4263,2411,4158
avl	4,5014,2491,4771
treap	6,5085,2881,4240
key set: 10
bst	5,6774,3275,4538
rb	4,4577,2801,4491
avl	4,5275,2731,5132
treap	6,14318,2903,13269
key set: 10
bst	5,7252,3294,4368
rb	4,4754,2583,3955
avl	4,4936,2310,4738
treap	5,14264,2563,13186
key set: 10
bst	5,9105,2983,4637
rb	4,4659,2596,4321
avl	4,7398,2666,5051
treap	6,5166,12575,4503
key set: 100
bst	14,75910,50527,46711
rb	8,70422,40926,52011
avl	8,83778,41070,69312
treap	12,78078,67126,61256
key set: 100
bst	14,75572,48631,47740
rb	8,71157,40735,51896
avl	8,82768,41387,106451
treap	11,83087,44687,57053
key set: 100
bst	14,71542,48944,47862
rb	8,69259,39618,51626
avl	8,77163,60957,68058
treap	13,78676,46426,56133
key set: 100
bst	14,48530,36262,36862
rb	8,36323,29693,36279
avl	8,48253,29808,52292
treap	16,47398,39058,43371
key set: 100
bst	14,49423,33565,32351
rb	8,34178,29035,34959
avl	8,44367,29142,73068
treap	13,52451,41015,35396
key set: 100
bst	14,47030,31376,29821
rb	8,44464,36804,32365
avl	8,55069,35798,44167
treap	11,51838,39113,38618
key set: 100
bst	14,47735,31356,30073
rb	8,38452,26842,32420
avl	8,47382,26902,44344
treap	11,46468,31023,32621
key set: 100
bst	14,69982,49237,45678
rb	8,70247,40622,43835
avl	8,91058,35509,112825
treap	13,94469,45866,57855
key set: 100
bst	14,93179,34251,40755
rb	8,41724,31742,41653
avl	8,50511,31260,52203
treap	12,122242,35711,41703
key set: 100
bst	14,60476,34107,45370
rb	8,49331,34318,56315
avl	8,71865,36502,58788
treap	12,60472,33408,47422
key set: 1000
bst	23,655572,525977,554125
rb	12,491979,425544,450370
avl	12,580403,425908,790441
treap	21,652077,560417,643802
key set: 1000
bst	23,669549,595182,520839
rb	12,477505,437397,512465
avl	12,676560,434472,681603
treap	21,603099,574447,664805
key set: 1000
bst	23,498971,517383,471565
rb	12,430645,444268,455192
avl	12,600399,422683,659573
treap	24,551898,560398,789452
key set: 1000
bst	23,472061,545352,447415
rb	12,456454,425709,468492
avl	12,570343,444983,639056
treap	21,585406,517146,609410
key set: 1000
bst	23,499128,513458,470021
rb	12,428654,454393,441132
avl	12,597633,422138,692041
treap	20,553972,521694,535814
key set: 1000
bst	23,471207,538906,444827
rb	12,458403,420903,441948
avl	12,574260,420447,659044
treap	19,577155,490321,745380
key set: 1000
bst	23,505717,512974,470482
rb	12,428209,449292,444280
avl	12,594391,422865,662517
treap	19,538786,532555,649957
key set: 1000
bst	23,472287,551250,452454
rb	12,456079,425223,442879
avl	12,571006,434883,644989
treap	23,574626,516512,632505
key set: 1000
bst	23,503773,513444,508842
rb	12,430942,477137,490482
avl	12,590640,426220,660320
treap	21,547556,537620,666989
key set: 1000
bst	23,471112,541471,446953
rb	12,431809,421925,466788
avl	12,559690,454691,633657
treap	24,553253,552689,650627
key set: 10000
bst	33,6697254,7874863,7042740
rb	17,5576629,6971799,12200061
avl	16,14750643,9320609,22867985
treap	29,12732059,14058182,14220083
key set: 10000
bst	33,10641333,12285716,10082168
rb	17,7362520,8910860,9112049
avl	16,10773208,8642594,12487761
treap	32,9917616,11565834,17120028
key set: 10000
bst	33,6703660,7921095,6984462
rb	17,5605797,6243440,6361654
avl	16,7586918,6173342,9347969
treap	30,7528875,8681430,13995021
key set: 10000
bst	33,6587291,8262769,7873224
rb	17,5650103,6190836,6420214
avl	16,7818752,6130929,8889270
treap	32,7285480,8227747,14072668
key set: 10000
bst	33,6770580,7785680,7003900
rb	17,5657384,6418976,6355664
avl	16,7677406,6158092,8895181
treap	32,7395988,7872671,11782435
key set: 10000
bst	33,6659125,7755443,7077809
rb	17,5641623,6164694,6327637
avl	16,7598558,6145193,8885477
treap	33,7416145,7892078,12858943
key set: 10000
bst	33,6583117,7852675,7047911
rb	17,5566260,6190519,6351107
avl	16,7501221,6125448,8930227
treap	32,7348725,7976958,10823693
key set: 10000
bst	33,6680209,7699113,6977348
rb	17,5602677,6199077,6428663
avl	16,7723238,6236804,8940302
treap	30,7322611,8024206,13132891
key set: 10000
bst	33,6564492,7712896,6963780
rb	17,5594730,6272688,6425888
avl	16,7698477,6263001,8997796
treap	32,7481950,8356965,11854159
key set: 10000
bst	33,6602977,7729991,6980533
rb	17,5609096,6212476,6991755
avl	16,7761702,6341856,8900672
treap	33,7448681,8333814,12922836
key set: 100000
bst	40,100131659,122505330,111305678
rb	20,90117086,100287927,106345386
avl	20,123286707,102994268,146212589
treap	41,119679183,143272751,288347027
key set: 100000
bst	40,99706047,117780464,131361847
rb	20,100733289,101588000,108229569
avl	20,125295510,104696595,145466425
treap	38,122793616,146926981,257978567
key set: 100000
bst	40,100137653,118670446,113389518
rb	20,93718115,103782787,110332998
avl	20,128096282,105759178,148989039
treap	40,121890098,147601300,315259966
key set: 100000
bst	40,99833279,118247519,109659712
rb	20,89385580,96948541,104441397
avl	20,123806439,98611566,141600134
treap	39,119390278,134786262,255512518
key set: 100000
bst	40,100132415,118699709,111712096
rb	20,92171457,98018229,104955645
avl	20,122261658,100842381,143766625
treap	38,118010588,137247484,234653554
key set: 100000
bst	40,100131332,119685246,111482719
rb	20,92970259,100340413,111208718
avl	20,126565298,102404558,148104897
treap	38,126367028,146806287,243583094
key set: 100000
bst	40,99918291,118122877,109985098
rb	20,89980276,96945038,101546840
avl	20,118179615,96030047,142118136
treap	42,116963019,132156842,303131448
key set: 100000
bst	40,99494880,119379221,111602776
rb	20,89727331,96931137,105972881
avl	20,120903792,98074422,144105128
treap	39,117976165,136160826,221424013
key set: 100000
bst	40,99799266,118043112,110216912
rb	20,89416085,97203527,103434454
avl	20,120779575,100677506,142052012
treap	39,116558465,139165286,361864419
key set: 100000
bst	40,99995130,118379272,110368988
rb	20,88703264,96857778,105506470
avl	20,121027599,98271192,144776839
treap	41,120421365,138493135,253758473
key set: 1000000
bst	53,1670981340,1871570460,1840053767
rb	25,1431932368,1505290425,1693985911
avl	24,1985699856,1624931542,2361512300
treap	48,1939415788,2210425634,6142648841
key set: 1000000
bst	53,1611263384,1824950983,1897810504
rb	25,1451023630,1501582618,1713078561
avl	24,2080637792,1665702993,2389704589
treap	50,1950900144,2183619946,5417115737
key set: 1000000
bst	53,1641830232,1864028276,1850373274
rb	25,1482907727,1550965724,1924732229
avl	24,2171086387,1812513677,2523790825
treap	50,2072056682,2506517495,6730841569
key set: 1000000
bst	53,1617803854,1847192358,1823822714
rb	25,1420342593,1489670237,1662296522
avl	24,2018574012,1575454275,2333055229
treap	48,1922824149,2128957945,6786349860
key set: 1000000
bst	53,1590654780,1881456602,1820630930
rb	25,1415795179,1504873353,1677243994
avl	24,1944604581,1570529313,2335269584
treap	48,1942334729,2159084417,5148912680
key set: 1000000
bst	53,2109144974,2366454602,1831022488
rb	25,1504153120,1527103627,1713345131
avl	24,2060362972,1576642001,2385314437
treap	51,2004501658,2240215560,6618094129
key set: 1000000
bst	53,1647021672,1835610752,1819657640
rb	25,1524505084,1554309452,2147119081
avl	24,1977608827,1579484967,2399563322
treap	49,2038654476,2338213509,5118787636
key set: 1000000
bst	53,1596087380,1817364938,1820652864
rb	25,1418514503,1496427073,1763235834
avl	24,2016522371,1623102570,2393857658
treap	45,1953452898,2262848913,5808202643
key set: 1000000
bst	53,1588730830,1824717313,1818463688
rb	25,1441902379,1514606237,1747752186
avl	24,1998026949,1637536559,2426199544
treap	50,1997094793,2290359085,5172481163
key set: 1000000
bst	53,1691946420,1956345647,1849785218
rb	25,1491877208,1489764563,1710477466
avl	24,2034923146,1668475895,2359360253
treap	51,1958997004,2193897496,5361301079
